Important:
724
855
1128
1848
2406
2418
2423

Revisit: 
110
141
171
175
205
242
509
628
637
643
645
728
997
1071
1475
1486
2200
2255
2299
2341
2347
2399
2409
2427
2437
2475
2515
2520
2525
2570
2574
2582
2656
2824
292
455
2225



931
907
965
1239
1143
576
629
1074
150
739
2966
1291
1043
76
49
279
368
647
1463
2149
2971
1481
1642
2402
201
787
2092
2709
746
938
513
1609
1356
19
948
1171
930 - refined 
238
500
57
621
143
287
2962
992
2444
79
1614
1544
1249
402
42
85
129
623
988 half
1971
752
310
2370
1289
514
834
2997
1915  - Check on Bit masking